3,2
3,1
3,3
10,131
10,107
10,155
10,87
10,173
10,169
10,1
10,153
10,2
10,3
11,21
11,8
11,5
11,15
11,20
11,16
11,1
11,18
11,2
11,3
9,7
9,1
9,5
9,2
9,3
8,10
8,16
8,11
8,18
8,6
8,1
8,12
8,2
8,3
0,532
12,2
12,1
12,3
20,2
20,1
20,3
19,2
19,1
19,3
18,1
18,3
14,1
14,14
14,3
13,1
13,3
2,2
2,1
2,3
0,0
188,34
188,33
188,32
188,31
188,30
188,29
188,28
188,27
188,26
188,25
188,24
188,23
188,22
188,21
188,20
188,19
188,18
188,17
188,16
188,15
188,14
188,13
188,12
188,11
188,10
188,9
188,8
188,7
188,6
188,5
188,4
188,3
188,2
188,0
0,276
0,275
0,272
0,271
0,12
